8
1
3
0 1 2 3 4 5 16 17
1 0 6 7 8 9 18 19
2 6 0 10 11 12 20 21 
3 7 10 0 13 14 22 23
4 8 11 13 0 15 24 25
5 9 12 14 15 0 26 27
16 18 20 22 24 26 0 28
17 19 21 23 25 27 28 0